   5.1100400e-01   2.3728826e+00
   5.2100400e-01   2.2497047e+00
   5.3100400e-01   2.1992224e+00
   5.4100400e-01   2.1581760e+00
   5.5100400e-01   2.1206798e+00
   5.6100400e-01   2.0845173e+00
   5.7100400e-01   2.0485985e+00
   5.8100400e-01   2.0123141e+00
   5.9100400e-01   1.9753006e+00
   6.0100400e-01   1.9373350e+00
   6.1100400e-01   1.8982829e+00
   6.2100400e-01   1.8580681e+00
   6.3100400e-01   1.8166560e+00
   6.4100400e-01   1.7740424e+00
   6.5100400e-01   1.7302459e+00
   6.6100400e-01   1.6853036e+00
   6.7100400e-01   1.6392674e+00
   6.8100400e-01   1.5922013e+00
   6.9100400e-01   1.5441800e+00
   7.0100400e-01   1.4952872e+00
   7.1100400e-01   1.4456146e+00
   7.2100400e-01   1.3952613e+00
   7.3100400e-01   1.3443326e+00
   7.4100400e-01   1.2929401e+00
   7.5100400e-01   1.2412009e+00
   7.6100400e-01   1.1892374e+00
   7.7100400e-01   1.1371768e+00
   7.8100400e-01   1.0851511e+00
   7.9100400e-01   1.0332967e+00
   8.0100400e-01   9.8175432e-01
   8.1100400e-01   9.3066866e-01
   8.2100400e-01   8.8018855e-01
   8.3100400e-01   8.3046660e-01
   8.4100400e-01   7.8165916e-01
   8.5100400e-01   7.3392622e-01
   8.6100400e-01   6.8743129e-01
   8.7100400e-01   6.4234135e-01
   8.8100400e-01   5.9882675e-01
   8.9100400e-01   5.5706114e-01
   9.0100400e-01   5.1722143e-01
   9.1100400e-01   4.7948768e-01
   9.2100400e-01   4.4404310e-01
   9.3100400e-01   4.1107395e-01
   9.4100400e-01   3.8076949e-01
   9.5100400e-01   3.5332197e-01
   9.6100400e-01   3.2892654e-01
   9.7100400e-01   3.0778123e-01
   9.8100400e-01   2.9008691e-01
   9.9100400e-01   2.7604722e-01
   1.0010040e+00   2.6586857e-01
   1.0110040e+00   2.5976007e-01
   1.0210040e+00   2.5793350e-01
   1.0310040e+00   2.5946286e-01
   1.0410040e+00   2.6115947e-01
   1.0510040e+00   2.6281759e-01
   1.0610040e+00   2.6443691e-01
   1.0710040e+00   2.6601713e-01
   1.0810040e+00   2.6755798e-01
   1.0910040e+00   2.6905920e-01
   1.1010040e+00   2.7052053e-01
   1.1110040e+00   2.7194174e-01
   1.1210040e+00   2.7332260e-01
   1.1310040e+00   2.7121609e-01
   1.1410040e+00   2.7253369e-01
   1.1510040e+00   2.7381091e-01
   1.1610040e+00   2.7504757e-01
   1.1710040e+00   2.7624350e-01
   1.1810040e+00   2.7739855e-01
   1.1910040e+00   2.7851256e-01
   1.2010040e+00   2.7958540e-01
   1.2110040e+00   2.8061695e-01
   1.2210040e+00   2.8160708e-01
   1.2310040e+00   2.8255571e-01
   1.2410040e+00   2.8346274e-01
   1.2510040e+00   2.8432808e-01
   1.2610040e+00   2.8515167e-01
   1.2710040e+00   2.8593345e-01
   1.2810040e+00   2.8667336e-01
   1.2910040e+00   2.8737137e-01
   1.3010040e+00   2.8802745e-01
   1.3110040e+00   2.8864157e-01
   1.3210040e+00   2.8921372e-01
   1.3310040e+00   2.8974391e-01
   1.3410040e+00   2.9023215e-01
   1.3510040e+00   2.9067844e-01
   1.3610040e+00   2.9108281e-01
   1.3710040e+00   2.9144531e-01
   1.3810040e+00   2.9176598e-01
   1.3910040e+00   2.9204486e-01
   1.4010040e+00   2.9228203e-01
   1.4110040e+00   2.9247755e-01
   1.4210040e+00   2.9263150e-01
   1.4310040e+00   2.9274398e-01
   1.4410040e+00   2.9281507e-01
   1.4510040e+00   2.9284488e-01
   1.4610040e+00   2.9283352e-01
   1.4710040e+00   2.9278112e-01
   1.4810040e+00   2.9268780e-01
   1.4910040e+00   2.9255370e-01
   1.5010040e+00   2.9237897e-01
   1.5110040e+00   2.9216375e-01
   1.5210040e+00   2.9190821e-01
   1.5310040e+00   2.9161252e-01
   1.5410040e+00   2.9127684e-01
   1.5510040e+00   2.9090136e-01
   1.5610040e+00   2.9048628e-01
   1.5710040e+00   2.9003178e-01
   1.5810040e+00   2.8953807e-01
   1.5910040e+00   2.8900537e-01
   1.6010040e+00   2.8843389e-01
   1.6110040e+00   2.8782386e-01
   1.6210040e+00   2.8717551e-01
   1.6310040e+00   2.8648908e-01
   1.6410040e+00   2.8576481e-01
   1.6510040e+00   2.8500296e-01
   1.6610040e+00   2.8420379e-01
   1.6710040e+00   2.8336756e-01
   1.6810040e+00   2.8249455e-01
   1.6910040e+00   2.8158503e-01
   1.7010040e+00   2.8063929e-01
   1.7110040e+00   2.7965763e-01
   1.7210040e+00   2.7864033e-01
   1.7310040e+00   2.7758771e-01
   1.7410040e+00   2.7650007e-01
   1.7510040e+00   2.7537773e-01
   1.7610040e+00   2.7422102e-01
   1.7710040e+00   2.7303026e-01
   1.7810040e+00   2.7180578e-01
   1.7910040e+00   2.7054793e-01
   1.8010040e+00   2.6925706e-01
   1.8110040e+00   2.6793350e-01
   1.8210040e+00   2.6657764e-01
   1.8310040e+00   2.6518981e-01
   1.8410040e+00   2.6377041e-01
   1.8510040e+00   2.6231979e-01
   1.8610040e+00   2.6083834e-01
   1.8710040e+00   2.5932645e-01
   1.8810040e+00   2.5778451e-01
   1.8910040e+00   2.5621290e-01
   1.9010040e+00   2.5461204e-01
   1.9110040e+00   2.5298234e-01
   1.9210040e+00   2.5132420e-01
   1.9310040e+00   2.4963803e-01
   1.9410040e+00   2.4792428e-01
   1.9510040e+00   2.4618335e-01
   1.9610040e+00   2.4441569e-01
   1.9710040e+00   2.4262173e-01
   1.9810040e+00   2.4080192e-01
   1.9910040e+00   2.3895670e-01
   2.0010040e+00   2.3708652e-01
   2.0110040e+00   2.3519185e-01
   2.0210040e+00   2.3327314e-01
   2.0310040e+00   2.3133086e-01
   2.0410040e+00   2.2936548e-01
   2.0510040e+00   2.2737749e-01
   2.0610040e+00   2.2536735e-01
   2.0710040e+00   2.2333557e-01
   2.0810040e+00   2.2128261e-01
   2.0910040e+00   2.1920899e-01
   2.1010040e+00   2.1711520e-01
   2.1110040e+00   2.1500174e-01
   2.1210040e+00   2.1286912e-01
   2.1310040e+00   2.1071786e-01
   2.1410040e+00   2.0854847e-01
   2.1510040e+00   2.0636147e-01
   2.1610040e+00   2.0415738e-01
   2.1710040e+00   2.0193674e-01
   2.1810040e+00   1.9970008e-01
   2.1910040e+00   1.9744794e-01
   2.2010040e+00   1.9518085e-01
   2.2110040e+00   1.9289937e-01
   2.2210040e+00   1.9060405e-01
   2.2310040e+00   1.8829544e-01
   2.2410040e+00   1.8597409e-01
   2.2510040e+00   1.8364057e-01
   2.2610040e+00   1.8129545e-01
   2.2710040e+00   1.7893929e-01
   2.2810040e+00   1.7657267e-01
   2.2910040e+00   1.7419616e-01
   2.3010040e+00   1.7181035e-01
   2.3110040e+00   1.6941583e-01
   2.3210040e+00   1.6701317e-01
   2.3310040e+00   1.6460298e-01
   2.3410040e+00   1.6218584e-01
   2.3510040e+00   1.5976237e-01
   2.3610040e+00   1.5733315e-01
   2.3710040e+00   1.5489881e-01
   2.3810040e+00   1.5245994e-01
   2.3910040e+00   1.5001716e-01
   2.4010040e+00   1.4757110e-01
   2.4110040e+00   1.4512237e-01
   2.4210040e+00   1.4267159e-01
   2.4310040e+00   1.4021939e-01
   2.4410040e+00   1.3776641e-01
   2.4510040e+00   1.3531328e-01
   2.4610040e+00   1.3286063e-01
   2.4710040e+00   1.3040911e-01
   2.4810040e+00   1.2795936e-01
   2.4910040e+00   1.2551203e-01
   2.5010040e+00   1.2306777e-01
   2.5110040e+00   1.2062723e-01
   2.5210040e+00   1.1819108e-01
   2.5310040e+00   1.1575996e-01
   2.5410040e+00   1.1333455e-01
   2.5510040e+00   1.1091550e-01
   2.5610040e+00   1.0850350e-01
   2.5710040e+00   1.0609921e-01
   2.5810040e+00   1.0370330e-01
   2.5910040e+00   1.0131646e-01
   2.6010040e+00   9.8939371e-02
   2.6110040e+00   9.6572710e-02
   2.6210040e+00   9.4217168e-02
   2.6310040e+00   9.1873435e-02
   2.6410040e+00   8.9542203e-02
   2.6510040e+00   8.7224169e-02
   2.6610040e+00   8.4920030e-02
   2.6710040e+00   8.2630489e-02
   2.6810040e+00   8.0356250e-02
   2.6910040e+00   7.8098020e-02
   2.7010040e+00   7.5856507e-02
   2.7110040e+00   7.3632425e-02
   2.7210040e+00   7.1426489e-02
   2.7310040e+00   6.9239416e-02
   2.7410040e+00   6.7071927e-02
   2.7510040e+00   6.4924744e-02
   2.7610040e+00   6.2798593e-02
   2.7710040e+00   6.0694202e-02
   2.7810040e+00   5.8612302e-02
   2.7910040e+00   5.6553626e-02
   2.8010040e+00   5.4518910e-02
   2.8110040e+00   5.2508892e-02
   2.8210040e+00   5.0524312e-02
   2.8310040e+00   4.8565914e-02
   2.8410040e+00   4.6634443e-02
   2.8510040e+00   4.4730646e-02
   2.8610040e+00   4.2855276e-02
   2.8710040e+00   4.1009083e-02
   2.8810040e+00   3.9192823e-02
   2.8910040e+00   3.7407254e-02
   2.9010040e+00   3.5653135e-02
   2.9110040e+00   3.3931228e-02
   2.9210040e+00   3.2242298e-02
   2.9310040e+00   3.0587110e-02
   2.9410040e+00   2.8966434e-02
   2.9510040e+00   2.7381040e-02
   2.9610040e+00   2.5831702e-02
   2.9710040e+00   2.4319195e-02
   2.9810040e+00   2.2844296e-02
   2.9910040e+00   2.1407786e-02
   3.0010040e+00   2.0010445e-02
   3.0110040e+00   1.8653058e-02
   3.0210040e+00   1.7336410e-02
   3.0310040e+00   1.6061290e-02
   3.0410040e+00   1.4828488e-02
   3.0510040e+00   1.3638796e-02
   3.0610040e+00   1.2493008e-02
   3.0710040e+00   1.1391920e-02
   3.0810040e+00   1.0336330e-02
   3.0910040e+00   9.3270389e-03
   3.1010040e+00   8.3648480e-03
   3.1110040e+00   7.4505615e-03
   3.1210040e+00   6.5849854e-03
   3.1310040e+00   5.7689275e-03
   3.1410040e+00   5.0031975e-03
   3.1510040e+00   4.2886069e-03
   3.1610040e+00   3.6259693e-03
   3.1710040e+00   3.0160999e-03
   3.1810040e+00   2.4598159e-03
   3.1910040e+00   1.9579361e-03
   3.2010040e+00   1.5112812e-03
   3.2110040e+00   1.1206739e-03
   3.2210040e+00   7.8693827e-04
   3.2310040e+00   5.1090040e-04
   3.2410040e+00   2.9338803e-04
   3.2510040e+00   1.3523063e-04
   3.2610040e+00   3.7259352e-05
   3.2710040e+00   3.0707293e-07
