   2.7138784e-01   0.0000000e+00
   3.7401914e-01   3.1260094e-02
   4.7665044e-01   6.8331508e-02
   5.7928173e-01   1.0716178e-01
   6.8191303e-01   1.4577311e-01
   7.8454433e-01   1.8335705e-01
   8.8717563e-01   2.1949666e-01
   9.8980692e-01   2.5387314e-01
   1.0924382e+00   2.8629322e-01
   1.1950695e+00   3.1682274e-01
   1.2977008e+00   3.4562146e-01
   1.4003321e+00   3.7269705e-01
   1.5029634e+00   3.9799696e-01
   1.6055947e+00   4.2160094e-01
   1.7082260e+00   4.4364899e-01
   1.8108573e+00   4.6428171e-01
   1.9134886e+00   4.8363802e-01
   2.0161199e+00   5.0183013e-01
   2.1187512e+00   5.1897309e-01
   2.2213825e+00   5.3515768e-01
   2.3240138e+00   5.5048141e-01
   2.4266451e+00   5.6502781e-01
   2.5292764e+00   5.7884540e-01
   2.6319077e+00   5.9201717e-01
   2.7345390e+00   6.0458307e-01
   2.8371703e+00   6.1658730e-01
   2.9398016e+00   6.2807469e-01
   3.0424329e+00   6.3908289e-01
   3.1450642e+00   6.4964366e-01
   3.2476955e+00   6.5978598e-01
   3.3503268e+00   6.6953746e-01
   3.4529581e+00   6.7891611e-01
   3.5555894e+00   6.8793666e-01
   3.6582207e+00   6.9661145e-01
   3.7608520e+00   7.0495131e-01
   3.8634833e+00   7.1295819e-01
   3.9661146e+00   7.2065058e-01
   4.0687459e+00   7.2803678e-01
   4.1713772e+00   7.3512892e-01
   4.2740085e+00   7.4193839e-01
   4.3766397e+00   7.4847247e-01
   4.4792710e+00   7.5473909e-01
   4.5819023e+00   7.6076285e-01
   4.6845336e+00   7.6654003e-01
   4.7871649e+00   7.7209278e-01
   4.8897962e+00   7.7743067e-01
   4.9924275e+00   7.8256374e-01
   5.0950588e+00   7.8750280e-01
   5.1976901e+00   7.9225704e-01
   5.3003214e+00   7.9683879e-01
   5.4029527e+00   8.0125829e-01
   5.5055840e+00   8.0552555e-01
   5.6082153e+00   8.0964787e-01
   5.7108466e+00   8.1363150e-01
   5.8134779e+00   8.1748498e-01
   5.9161092e+00   8.2121522e-01
   6.0187405e+00   8.2482758e-01
   6.1213718e+00   8.2838480e-01
   6.2240031e+00   8.3173056e-01
   6.3266344e+00   8.3503232e-01
   6.4292657e+00   8.3823046e-01
   6.5318970e+00   8.4133574e-01
   6.6345283e+00   8.4435187e-01
   6.7371596e+00   8.4728151e-01
   6.8397909e+00   8.5012729e-01
   6.9424222e+00   8.5289641e-01
   7.0450535e+00   8.5559762e-01
   7.1476848e+00   8.5821491e-01
   7.2503161e+00   8.6076847e-01
   7.3529474e+00   8.6324124e-01
   7.4555787e+00   8.6567531e-01
   7.5582100e+00   8.6803664e-01
   7.6608413e+00   8.7033795e-01
   7.7634726e+00   8.7258265e-01
   7.8661039e+00   8.7477604e-01
   7.9687352e+00   8.7691388e-01
   8.0713665e+00   8.7900219e-01
   8.1739978e+00   8.8104175e-01
   8.2766291e+00   8.8303385e-01
   8.3792604e+00   8.8498002e-01
   8.4818917e+00   8.8687783e-01
   8.5845230e+00   8.8873136e-01
   8.6871543e+00   8.9055322e-01
   8.7897855e+00   8.9232788e-01
   8.8924168e+00   8.9406874e-01
   8.9950481e+00   8.9576599e-01
   9.0976794e+00   8.9742786e-01
   9.2003107e+00   8.9904852e-01
   9.3029420e+00   9.0063513e-01
   9.4055733e+00   9.0218789e-01
   9.5082046e+00   9.0369843e-01
   9.6108359e+00   9.0516036e-01
   9.7134672e+00   9.0663228e-01
   9.8160985e+00   9.0805087e-01
   9.9187298e+00   9.0943876e-01
   1.0021361e+01   9.1079721e-01
   1.0123992e+01   9.1212699e-01
   1.0226624e+01   9.1342863e-01
   1.0329255e+01   9.1470269e-01
   1.0431886e+01   9.1594881e-01
   1.0534518e+01   9.1716931e-01
   1.0637149e+01   9.1836724e-01
   1.0739780e+01   9.1953726e-01
   1.0842412e+01   9.2071642e-01
   1.0945043e+01   9.2180464e-01
   1.1047674e+01   9.2290378e-01
   1.1150305e+01   9.2397984e-01
   1.1252937e+01   9.2503535e-01
   1.1355568e+01   9.2607927e-01
   1.1458199e+01   9.2709223e-01
   1.1560831e+01   9.2808716e-01
   1.1663462e+01   9.2906143e-01
   1.1766093e+01   9.3001660e-01
   1.1868724e+01   9.3095508e-01
   1.1971356e+01   9.3192903e-01
   1.2073987e+01   9.3278008e-01
   1.2176618e+01   9.3366724e-01
   1.2279250e+01   9.3453775e-01
   1.2381881e+01   9.3539176e-01
   1.2484512e+01   9.3622959e-01
   1.2587144e+01   9.3704880e-01
   1.2689775e+01   9.3785589e-01
   1.2792406e+01   9.3864861e-01
   1.2895037e+01   9.3942691e-01
   1.2997669e+01   9.4019090e-01
   1.3100300e+01   9.4094069e-01
   1.3202931e+01   9.4167646e-01
   1.3305563e+01   9.4239879e-01
   1.3408194e+01   9.4310663e-01
   1.3510825e+01   9.4380389e-01
   1.3613457e+01   9.4448762e-01
   1.3716088e+01   9.4516309e-01
   1.3818719e+01   9.4582366e-01
   1.3921350e+01   9.4647193e-01
   1.4023982e+01   9.4710054e-01
   1.4126613e+01   9.4770553e-01
   1.4229244e+01   9.4833875e-01
   1.4331876e+01   9.4894091e-01
   1.4434507e+01   9.4951984e-01
   1.4537138e+01   9.5010285e-01
   1.4639770e+01   9.5068488e-01
   1.4742401e+01   9.5124536e-01
   1.4845032e+01   9.5179869e-01
   1.4947663e+01   9.5234041e-01
   1.5050295e+01   9.5287244e-01
   1.5152926e+01   9.5339498e-01
   1.5255557e+01   9.5390838e-01
   1.5358189e+01   9.5441048e-01
   1.5460820e+01   9.5491171e-01
   1.5563451e+01   9.5539881e-01
   1.5666082e+01   9.5587804e-01
   1.5768714e+01   9.5635097e-01
   1.5871345e+01   9.5681542e-01
   1.5973976e+01   9.5727236e-01
   1.6076608e+01   9.5772195e-01
   1.6179239e+01   9.5816437e-01
   1.6281870e+01   9.5859976e-01
   1.6384502e+01   9.5902827e-01
   1.6487133e+01   9.5945006e-01
   1.6589764e+01   9.5986523e-01
   1.6692395e+01   9.6027394e-01
   1.6795027e+01   9.6067094e-01
   1.6897658e+01   9.6106760e-01
   1.7000289e+01   9.6146184e-01
   1.7102921e+01   9.6184669e-01
   1.7205552e+01   9.6221916e-01
   1.7308183e+01   9.6259466e-01
   1.7410815e+01   9.6296442e-01
   1.7513446e+01   9.6332849e-01
   1.7616077e+01   9.6368318e-01
   1.7718708e+01   9.6403237e-01
   1.7821340e+01   9.6437994e-01
   1.7923971e+01   9.6472250e-01
   1.8026602e+01   9.6506027e-01
   1.8129234e+01   9.6539344e-01
   1.8231865e+01   9.6572220e-01
   1.8334496e+01   9.6604660e-01
   1.8437128e+01   9.6636669e-01
   1.8539759e+01   9.6668399e-01
   1.8642390e+01   9.6699570e-01
   1.8745021e+01   9.6729773e-01
   1.8847653e+01   9.6760040e-01
   1.8950284e+01   9.6787741e-01
   1.9052915e+01   9.6819315e-01
   1.9155547e+01   9.6848120e-01
   1.9258178e+01   9.6876787e-01
   1.9360809e+01   9.6905074e-01
   1.9463441e+01   9.6932989e-01
   1.9566072e+01   9.6960499e-01
   1.9668703e+01   9.6987731e-01
   1.9771334e+01   9.7014622e-01
   1.9873966e+01   9.7041174e-01
   1.9976597e+01   9.7067471e-01
   2.0079228e+01   9.7093339e-01
   2.0181860e+01   9.7118869e-01
   2.0284491e+01   9.7144063e-01
   2.0387122e+01   9.7168925e-01
   2.0489753e+01   9.7193914e-01
   2.0592385e+01   9.7217997e-01
   2.0695016e+01   9.7241836e-01
   2.0797647e+01   9.7265359e-01
   2.0900279e+01   9.7288582e-01
   2.1002910e+01   9.7311518e-01
   2.1105541e+01   9.7334174e-01
   2.1208173e+01   9.7356580e-01
   2.1310804e+01   9.7378727e-01
   2.1413435e+01   9.7400607e-01
   2.1516066e+01   9.7422221e-01
   2.1618698e+01   9.7443570e-01
   2.1721329e+01   9.7464661e-01
   2.1823960e+01   9.7485501e-01
   2.1926592e+01   9.7506130e-01
   2.2029223e+01   9.7526330e-01
   2.2131854e+01   9.7546416e-01
   2.2234486e+01   9.7566272e-01
   2.2337117e+01   9.7585898e-01
   2.2439748e+01   9.7605889e-01
   2.2542379e+01   9.7624983e-01
   2.2645011e+01   9.7643855e-01
   2.2747642e+01   9.7662509e-01
   2.2850273e+01   9.7681134e-01
   2.2952905e+01   9.7699820e-01
   2.3055536e+01   9.7717850e-01
   2.3158167e+01   9.7735664e-01
   2.3260799e+01   9.7753204e-01
   2.3363430e+01   9.7770623e-01
   2.3466061e+01   9.7787835e-01
   2.3568692e+01   9.7804676e-01
   2.3671324e+01   9.7826818e-01
   2.3773955e+01   9.7838188e-01
   2.3876586e+01   9.7854825e-01
   2.3979218e+01   9.7871148e-01
   2.4081849e+01   9.7887286e-01
   2.4184480e+01   9.7903241e-01
   2.4287112e+01   9.7919017e-01
   2.4389743e+01   9.7934617e-01
   2.4492374e+01   9.7950108e-01
   2.4595005e+01   9.7965409e-01
   2.4697637e+01   9.7980555e-01
   2.4800268e+01   9.7995550e-01
   2.4902899e+01   9.8010559e-01
   2.5005531e+01   9.8025231e-01
   2.5108162e+01   9.8039757e-01
   2.5210793e+01   9.8054139e-01
   2.5313424e+01   9.8068415e-01
   2.5416056e+01   9.8082534e-01
   2.5518687e+01   9.8096516e-01
   2.5621318e+01   9.8110362e-01
   2.5723950e+01   9.8124073e-01
   2.5826581e+01   9.8137650e-01
   2.5929212e+01   9.8151092e-01
   2.6031844e+01   9.8164399e-01
   2.6134475e+01   9.8177573e-01
   2.6237106e+01   9.8190617e-01
   2.6339737e+01   9.8203531e-01
   2.6442369e+01   9.8216257e-01
   2.6545000e+01   9.8228906e-01
   2.6647631e+01   9.8237690e-01
   2.6750263e+01   9.8253913e-01
   2.6852894e+01   9.8266226e-01
   2.6955525e+01   9.8278423e-01
   2.7058157e+01   9.8290628e-01
   2.7160788e+01   9.8303049e-01
   2.7263419e+01   9.8315016e-01
   2.7366050e+01   9.8326860e-01
   2.7468682e+01   9.8338582e-01
   2.7571313e+01   9.8350182e-01
   2.7673944e+01   9.8361663e-01
   2.7776576e+01   9.8372262e-01
   2.7879207e+01   9.8383488e-01
   2.7981838e+01   9.8394611e-01
   2.8084470e+01   9.8406102e-01
   2.8187101e+01   9.8417005e-01
   2.8289732e+01   9.8427801e-01
   2.8392363e+01   9.8438490e-01
   2.8494995e+01   9.8449074e-01
   2.8597626e+01   9.8458250e-01
   2.8700257e+01   9.8468703e-01
   2.8802889e+01   9.8479064e-01
   2.8905520e+01   9.8489184e-01
   2.9008151e+01   9.8500301e-01
   2.9110782e+01   9.8510301e-01
   2.9213414e+01   9.8520208e-01
   2.9316045e+01   9.8530026e-01
   2.9418676e+01   9.8540039e-01
   2.9521308e+01   9.8549730e-01
   2.9623939e+01   9.8559329e-01
   2.9726570e+01   9.8568836e-01
   2.9829202e+01   9.8578249e-01
   2.9931833e+01   9.8587571e-01
   3.0034464e+01   9.8596803e-01
   3.0137095e+01   9.8605948e-01
   3.0239727e+01   9.8615009e-01
   3.0342358e+01   9.8623986e-01
   3.0444989e+01   9.8632883e-01
   3.0547621e+01   9.8641328e-01
   3.0650252e+01   9.8650103e-01
   3.0752883e+01   9.8658808e-01
   3.0855515e+01   9.8667446e-01
   3.0958146e+01   9.8676018e-01
   3.1060777e+01   9.8684524e-01
   3.1163408e+01   9.8692965e-01
   3.1266040e+01   9.8701341e-01
   3.1368671e+01   9.8709652e-01
   3.1471302e+01   9.8717899e-01
   3.1573934e+01   9.8726081e-01
   3.1676565e+01   9.8734197e-01
   3.1779196e+01   9.8742248e-01
   3.1881828e+01   9.8750231e-01
   3.1984459e+01   9.8758147e-01
   3.2087090e+01   9.8765993e-01
   3.2189721e+01   9.8773767e-01
   3.2292353e+01   9.8781167e-01
   3.2394984e+01   9.8788791e-01
   3.2497615e+01   9.8796351e-01
   3.2600247e+01   9.8803844e-01
   3.2702878e+01   9.8811226e-01
   3.2805509e+01   9.8818602e-01
   3.2908141e+01   9.8825916e-01
   3.3010772e+01   9.8833169e-01
   3.3113403e+01   9.8840363e-01
   3.3216034e+01   9.8847499e-01
   3.3318666e+01   9.8854040e-01
   3.3421297e+01   9.8861087e-01
   3.3523928e+01   9.8868125e-01
   3.3626560e+01   9.8875441e-01
   3.3729191e+01   9.8882357e-01
   3.3831822e+01   9.8889218e-01
   3.3934453e+01   9.8896025e-01
   3.4037085e+01   9.8902111e-01
   3.4139716e+01   9.8908979e-01
   3.4242347e+01   9.8915707e-01
   3.4344979e+01   9.8922375e-01
   3.4447610e+01   9.8928985e-01
   3.4550241e+01   9.8935536e-01
   3.4652873e+01   9.8942029e-01
   3.4755504e+01   9.8948464e-01
   3.4858135e+01   9.8955303e-01
   3.4960766e+01   9.8961237e-01
   3.5063398e+01   9.8967116e-01
   3.5166029e+01   9.8973302e-01
   3.5268660e+01   9.8979434e-01
   3.5371292e+01   9.8985514e-01
   3.5473923e+01   9.8991545e-01
   3.5576554e+01   9.8997529e-01
   3.5679186e+01   9.9003467e-01
   3.5781817e+01   9.9009361e-01
   3.5884448e+01   9.9015152e-01
   3.5987079e+01   9.9020987e-01
   3.6089711e+01   9.9026783e-01
   3.6192342e+01   9.9032542e-01
   3.6294973e+01   9.9038262e-01
   3.6397605e+01   9.9043944e-01
   3.6500236e+01   9.9049588e-01
   3.6602867e+01   9.9055194e-01
   3.6705499e+01   9.9060801e-01
   3.6808130e+01   9.9066332e-01
   3.6910761e+01   9.9071823e-01
   3.7013392e+01   9.9077273e-01
   3.7116024e+01   9.9082802e-01
   3.7218655e+01   9.9087657e-01
   3.7321286e+01   9.9092981e-01
   3.7423918e+01   9.9098262e-01
   3.7526549e+01   9.9103500e-01
   3.7629180e+01   9.9106551e-01
   3.7731811e+01   9.9111368e-01
   3.7834443e+01   9.9118957e-01
   3.7937074e+01   9.9124026e-01
   3.8039705e+01   9.9128955e-01
   3.8142337e+01   9.9133943e-01
   3.8244968e+01   9.9138894e-01
   3.8347599e+01   9.9143808e-01
   3.8450231e+01   9.9148687e-01
   3.8552862e+01   9.9153531e-01
   3.8655493e+01   9.9158343e-01
   3.8758124e+01   9.9163123e-01
   3.8860756e+01   9.9167871e-01
   3.8963387e+01   9.9172588e-01
   3.9066018e+01   9.9177276e-01
   3.9168650e+01   9.9181934e-01
   3.9271281e+01   9.9186563e-01
   3.9373912e+01   9.9191162e-01
   3.9476544e+01   9.9195731e-01
   3.9579175e+01   9.9200271e-01
   3.9681806e+01   9.9204859e-01
   3.9784437e+01   9.9209329e-01
   3.9887069e+01   9.9213767e-01
   3.9989700e+01   9.9218172e-01
   4.0092331e+01   9.9222544e-01
   4.0194963e+01   9.9226882e-01
   4.0297594e+01   9.9231185e-01
   4.0400225e+01   9.9235455e-01
   4.0502857e+01   9.9239690e-01
   4.0605488e+01   9.9243891e-01
   4.0708119e+01   9.9248057e-01
   4.0810750e+01   9.9260605e-01
   4.0913382e+01   9.9256807e-01
   4.1016013e+01   9.9260828e-01
   4.1118644e+01   9.9264818e-01
   4.1221276e+01   9.9268762e-01
   4.1323907e+01   9.9272710e-01
   4.1426538e+01   9.9276633e-01
   4.1529170e+01   9.9280531e-01
   4.1631801e+01   9.9284405e-01
   4.1734432e+01   9.9288256e-01
   4.1837063e+01   9.9292083e-01
   4.1939695e+01   9.9296203e-01
   4.2042326e+01   9.9299991e-01
   4.2144957e+01   9.9303753e-01
   4.2247589e+01   9.9307491e-01
   4.2350220e+01   9.9311203e-01
   4.2452851e+01   9.9314891e-01
   4.2555482e+01   9.9318554e-01
   4.2658114e+01   9.9322194e-01
   4.2760745e+01   9.9325809e-01
   4.2863376e+01   9.9329400e-01
   4.2966008e+01   9.9332967e-01
   4.3068639e+01   9.9336512e-01
   4.3171270e+01   9.9340033e-01
   4.3273902e+01   9.9343530e-01
   4.3376533e+01   9.9347006e-01
   4.3479164e+01   9.9350505e-01
   4.3581795e+01   9.9353922e-01
   4.3684427e+01   9.9357316e-01
   4.3787058e+01   9.9360558e-01
   4.3889689e+01   9.9363901e-01
   4.3992321e+01   9.9367223e-01
   4.4094952e+01   9.9370140e-01
   4.4197583e+01   9.9373413e-01
   4.4300215e+01   9.9376665e-01
   4.4402846e+01   9.9379896e-01
   4.4505477e+01   9.9383737e-01
   4.4608108e+01   9.9386890e-01
   4.4710740e+01   9.9390022e-01
   4.4813371e+01   9.9393132e-01
   4.4916002e+01   9.9396222e-01
   4.5018634e+01   9.9399293e-01
   4.5121265e+01   9.9402344e-01
   4.5223896e+01   9.9405377e-01
   4.5326528e+01   9.9408565e-01
   4.5429159e+01   9.9411568e-01
   4.5531790e+01   9.9414553e-01
   4.5634421e+01   9.9417519e-01
   4.5737053e+01   9.9420465e-01
   4.5839684e+01   9.9423392e-01
   4.5942315e+01   9.9426298e-01
   4.6044947e+01   9.9429184e-01
   4.6147578e+01   9.9432049e-01
   4.6250209e+01   9.9434833e-01
   4.6352841e+01   9.9437672e-01
   4.6455472e+01   9.9440489e-01
   4.6558103e+01   9.9443285e-01
   4.6660734e+01   9.9446060e-01
   4.6763366e+01   9.9448815e-01
   4.6865997e+01   9.9451549e-01
   4.6968628e+01   9.9454262e-01
   4.7071260e+01   9.9462247e-01
   4.7173891e+01   9.9465232e-01
   4.7276522e+01   9.9462282e-01
   4.7379153e+01   9.9464915e-01
   4.7481785e+01   9.9467530e-01
   4.7584416e+01   9.9470126e-01
   4.7687047e+01   9.9472704e-01
   4.7789679e+01   9.9475264e-01
   4.7892310e+01   9.9477807e-01
   4.7994941e+01   9.9480333e-01
   4.8097573e+01   9.9482842e-01
   4.8200204e+01   9.9485594e-01
   4.8302835e+01   9.9488080e-01
   4.8405466e+01   9.9490547e-01
   4.8508098e+01   9.9492997e-01
   4.8610729e+01   9.9495472e-01
   4.8713360e+01   9.9497902e-01
   4.8815992e+01   9.9500315e-01
   4.8918623e+01   9.9502712e-01
   4.9021254e+01   9.9505093e-01
   4.9123886e+01   9.9507458e-01
   4.9226517e+01   9.9509808e-01
   4.9329148e+01   9.9512142e-01
   4.9431779e+01   9.9514635e-01
   4.9534411e+01   9.9516925e-01
   4.9637042e+01   9.9519200e-01
   4.9739673e+01   9.9521458e-01
   4.9842305e+01   9.9523702e-01
   4.9944936e+01   9.9525931e-01
   5.0047567e+01   9.9528145e-01
   5.0150199e+01   9.9530346e-01
   5.0252830e+01   9.9532532e-01
   5.0355461e+01   9.9534741e-01
   5.0458092e+01   9.9536911e-01
   5.0560724e+01   9.9539067e-01
   5.0663355e+01   9.9541210e-01
   5.0765986e+01   9.9543339e-01
   5.0868618e+01   9.9545455e-01
   5.0971249e+01   9.9547558e-01
   5.1073880e+01   9.9549647e-01
   5.1176511e+01   9.9551722e-01
   5.1279143e+01   9.9553783e-01
   5.1381774e+01   9.9555830e-01
   5.1484405e+01   9.9557862e-01
   5.1587037e+01   9.9559975e-01
   5.1689668e+01   9.9561984e-01
   5.1792299e+01   9.9563979e-01
   5.1894931e+01   9.9565960e-01
   5.1997562e+01   9.9567927e-01
   5.2100193e+01   9.9569881e-01
   5.2202824e+01   9.9571822e-01
   5.2305456e+01   9.9573751e-01
   5.2408087e+01   9.9575667e-01
   5.2510718e+01   9.9577516e-01
   5.2613350e+01   9.9579402e-01
   5.2715981e+01   9.9581276e-01
   5.2818612e+01   9.9583139e-01
   5.2921244e+01   9.9581452e-01
   5.3023875e+01   9.9583087e-01
   5.3126506e+01   9.9588719e-01
   5.3229137e+01   9.9590549e-01
   5.3331769e+01   9.9592367e-01
   5.3434400e+01   9.9594173e-01
   5.3537031e+01   9.9595968e-01
   5.3639663e+01   9.9597750e-01
   5.3742294e+01   9.9599627e-01
   5.3844925e+01   9.9601403e-01
   5.3947557e+01   9.9603166e-01
   5.4050188e+01   9.9605336e-01
   5.4152819e+01   9.9607115e-01
   5.4255450e+01   9.9608880e-01
   5.4358082e+01   9.9610554e-01
   5.4460713e+01   9.9612305e-01
   5.4563344e+01   9.9614040e-01
   5.4665976e+01   9.9615761e-01
   5.4768607e+01   9.9617469e-01
   5.4871238e+01   9.9619161e-01
   5.4973870e+01   9.9620840e-01
   5.5076501e+01   9.9622469e-01
   5.5179132e+01   9.9623382e-01
   5.5281763e+01   9.9625016e-01
   5.5384395e+01   9.9626639e-01
   5.5487026e+01   9.9628252e-01
   5.5589657e+01   9.9629854e-01
   5.5692289e+01   9.9631446e-01
   5.5794920e+01   9.9633027e-01
   5.5897551e+01   9.9634598e-01
   5.6000182e+01   9.9636158e-01
   5.6102814e+01   9.9637708e-01
   5.6205445e+01   9.9639879e-01
   5.6308076e+01   9.9641378e-01
   5.6410708e+01   9.9642865e-01
   5.6513339e+01   9.9644342e-01
   5.6615970e+01   9.9645808e-01
   5.6718602e+01   9.9647263e-01
   5.6821233e+01   9.9647370e-01
   5.6923864e+01   9.9648839e-01
   5.7026495e+01   9.9650301e-01
   5.7129127e+01   9.9651755e-01
   5.7231758e+01   9.9653201e-01
   5.7334389e+01   9.9654640e-01
   5.7437021e+01   9.9656072e-01
   5.7539652e+01   9.9657497e-01
   5.7642283e+01   9.9659882e-01
   5.7744915e+01   9.9661235e-01
   5.7847546e+01   9.9662578e-01
   5.7950177e+01   9.9663913e-01
   5.8052808e+01   9.9665239e-01
   5.8155440e+01   9.9666634e-01
   5.8258071e+01   9.9667951e-01
   5.8360702e+01   9.9669261e-01
   5.8463334e+01   9.9670651e-01
   5.8565965e+01   9.9672142e-01
   5.8668596e+01   9.9673455e-01
   5.8771228e+01   9.9674759e-01
   5.8873859e+01   9.9676055e-01
   5.8976490e+01   9.9677343e-01
   5.9079121e+01   9.9678623e-01
   5.9181753e+01   9.9679894e-01
   5.9284384e+01   9.9681157e-01
   5.9387015e+01   9.9682412e-01
   5.9489647e+01   9.9683659e-01
   5.9592278e+01   9.9684897e-01
   5.9694909e+01   9.9686129e-01
   5.9797541e+01   9.9687352e-01
   5.9900172e+01   9.9688569e-01
   6.0002803e+01   9.9689779e-01
   6.0105434e+01   9.9690982e-01
   6.0208066e+01   9.9692178e-01
   6.0310697e+01   9.9693368e-01
   6.0413328e+01   9.9694551e-01
   6.0515960e+01   9.9695728e-01
   6.0618591e+01   9.9696899e-01
   6.0721222e+01   9.9698063e-01
   6.0823853e+01   9.9698755e-01
   6.0926485e+01   9.9699921e-01
   6.1029116e+01   9.9701083e-01
   6.1131747e+01   9.9702241e-01
   6.1234379e+01   9.9703395e-01
   6.1337010e+01   9.9704545e-01
   6.1439641e+01   9.9705692e-01
   6.1542273e+01   9.9706836e-01
   6.1644904e+01   9.9707976e-01
   6.1747535e+01   9.9709113e-01
   6.1850166e+01   9.9710247e-01
   6.1952798e+01   9.9711377e-01
   6.2055429e+01   9.9712505e-01
   6.2158060e+01   9.9713629e-01
   6.2260692e+01   9.9714749e-01
   6.2363323e+01   9.9715867e-01
   6.2465954e+01   9.9716981e-01
   6.2568586e+01   9.9718092e-01
   6.2671217e+01   9.9719199e-01
   6.2773848e+01   9.9720302e-01
   6.2876479e+01   9.9721401e-01
   6.2979111e+01   9.9722497e-01
   6.3081742e+01   9.9723588e-01
   6.3184373e+01   9.9724675e-01
   6.3287005e+01   9.9725758e-01
   6.3389636e+01   9.9726835e-01
   6.3492267e+01   9.9727908e-01
   6.3594899e+01   9.9728975e-01
   6.3697530e+01   9.9730037e-01
   6.3800161e+01   9.9731438e-01
   6.3902792e+01   9.9732491e-01
   6.4005424e+01   9.9733536e-01
   6.4108055e+01   9.9734573e-01
   6.4210686e+01   9.9735304e-01
   6.4313318e+01   9.9736320e-01
   6.4415949e+01   9.9737331e-01
   6.4518580e+01   9.9738335e-01
   6.4621211e+01   9.9739333e-01
   6.4723843e+01   9.9740325e-01
   6.4826474e+01   9.9741311e-01
   6.4929105e+01   9.9742291e-01
   6.5031737e+01   9.9743265e-01
   6.5134368e+01   9.9744232e-01
   6.5236999e+01   9.9745254e-01
   6.5339631e+01   9.9746219e-01
   6.5442262e+01   9.9747179e-01
   6.5544893e+01   9.9748133e-01
   6.5647524e+01   9.9749081e-01
   6.5750156e+01   9.9750024e-01
   6.5852787e+01   9.9750962e-01
   6.5955418e+01   9.9751895e-01
   6.6058050e+01   9.9752823e-01
   6.6160681e+01   9.9753746e-01
   6.6263312e+01   9.9754664e-01
   6.6365944e+01   9.9755039e-01
   6.6468575e+01   9.9755959e-01
   6.6571206e+01   9.9756875e-01
   6.6673837e+01   9.9757818e-01
   6.6776469e+01   9.9758736e-01
   6.6879100e+01   9.9759651e-01
   6.6981731e+01   9.9760912e-01
   6.7084363e+01   9.9761819e-01
   6.7186994e+01   9.9762722e-01
   6.7289625e+01   9.9763620e-01
   6.7392257e+01   9.9764514e-01
   6.7494888e+01   9.9765167e-01
   6.7597519e+01   9.9766060e-01
   6.7700150e+01   9.9766949e-01
   6.7802782e+01   9.9767169e-01
   6.7905413e+01   9.9768179e-01
   6.8008044e+01   9.9769103e-01
   6.8110676e+01   9.9770023e-01
   6.8213307e+01   9.9770939e-01
   6.8315938e+01   9.9771851e-01
   6.8418570e+01   9.9772758e-01
   6.8521201e+01   9.9773661e-01
   6.8623832e+01   9.9774560e-01
   6.8726463e+01   9.9775455e-01
   6.8829095e+01   9.9776346e-01
   6.8931726e+01   9.9777232e-01
   6.9034357e+01   9.9778115e-01
   6.9136989e+01   9.9778993e-01
   6.9239620e+01   9.9779867e-01
   6.9342251e+01   9.9780737e-01
   6.9444882e+01   9.9781603e-01
   6.9547514e+01   9.9782464e-01
   6.9650145e+01   9.9782946e-01
   6.9752776e+01   9.9783798e-01
   6.9855408e+01   9.9784280e-01
   6.9958039e+01   9.9785123e-01
   7.0060670e+01   9.9785964e-01
   7.0163302e+01   9.9786802e-01
   7.0265933e+01   9.9787637e-01
   7.0368564e+01   9.9788470e-01
   7.0471195e+01   9.9789300e-01
   7.0573827e+01   9.9790129e-01
   7.0676458e+01   9.9790956e-01
   7.0779089e+01   9.9791781e-01
   7.0881721e+01   9.9792604e-01
   7.0984352e+01   9.9793426e-01
   7.1086983e+01   9.9794247e-01
   7.1189615e+01   9.9795067e-01
   7.1292246e+01   9.9795886e-01
   7.1394877e+01   9.9796705e-01
   7.1497508e+01   9.9797523e-01
   7.1600140e+01   9.9798340e-01
   7.1702771e+01   9.9799157e-01
   7.1805402e+01   9.9799975e-01
   7.1908034e+01   9.9800791e-01
   7.2010665e+01   9.9801608e-01
   7.2113296e+01   9.9802424e-01
   7.2215928e+01   9.9803239e-01
   7.2318559e+01   9.9804054e-01
   7.2421190e+01   9.9804869e-01
   7.2523821e+01   9.9805683e-01
   7.2626453e+01   9.9806496e-01
   7.2729084e+01   9.9807309e-01
   7.2831715e+01   9.9808121e-01
   7.2934347e+01   9.9808933e-01
   7.3036978e+01   9.9809804e-01
   7.3139609e+01   9.9810593e-01
   7.3242241e+01   9.9811403e-01
   7.3344872e+01   9.9812213e-01
   7.3447503e+01   9.9813020e-01
   7.3550134e+01   9.9813826e-01
   7.3652766e+01   9.9814630e-01
   7.3755397e+01   9.9815433e-01
   7.3858028e+01   9.9816341e-01
   7.3960660e+01   9.9817151e-01
   7.4063291e+01   9.9817434e-01
   7.4165922e+01   9.9818227e-01
   7.4268553e+01   9.9819016e-01
   7.4371185e+01   9.9819803e-01
   7.4473816e+01   9.9820587e-01
   7.4576447e+01   9.9821368e-01
   7.4679079e+01   9.9822145e-01
   7.4781710e+01   9.9822918e-01
   7.4884341e+01   9.9821713e-01
   7.4986973e+01   9.9822311e-01
   7.5089604e+01   9.9822907e-01
   7.5192235e+01   9.9823499e-01
   7.5294866e+01   9.9826735e-01
   7.5397498e+01   9.9827488e-01
   7.5500129e+01   9.9828238e-01
   7.5602760e+01   9.9828986e-01
   7.5705392e+01   9.9829633e-01
   7.5808023e+01   9.9830374e-01
   7.5910654e+01   9.9831113e-01
   7.6013286e+01   9.9831850e-01
   7.6115917e+01   9.9832586e-01
   7.6218548e+01   9.9833320e-01
   7.6321179e+01   9.9834053e-01
   7.6423811e+01   9.9834785e-01
   7.6526442e+01   9.9835515e-01
   7.6629073e+01   9.9836245e-01
   7.6731705e+01   9.9836974e-01
   7.6834336e+01   9.9837702e-01
   7.6936967e+01   9.9838430e-01
   7.7039599e+01   9.9839157e-01
   7.7142230e+01   9.9839884e-01
   7.7244861e+01   9.9840610e-01
   7.7347492e+01   9.9841336e-01
   7.7450124e+01   9.9842062e-01
   7.7552755e+01   9.9842789e-01
   7.7655386e+01   9.9843515e-01
   7.7758018e+01   9.9844241e-01
   7.7860649e+01   9.9844968e-01
   7.7963280e+01   9.9845830e-01
   7.8065911e+01   9.9846568e-01
   7.8168543e+01   9.9847307e-01
   7.8271174e+01   9.9848046e-01
   7.8373805e+01   9.9848785e-01
   7.8476437e+01   9.9849524e-01
   7.8579068e+01   9.9850263e-01
   7.8681699e+01   9.9851003e-01
   7.8784331e+01   9.9851742e-01
   7.8886962e+01   9.9852482e-01
   7.8989593e+01   9.9853305e-01
   7.9092224e+01   9.9854042e-01
   7.9194856e+01   9.9854779e-01
   7.9297487e+01   9.9855517e-01
   7.9400118e+01   9.9856254e-01
   7.9502750e+01   9.9856992e-01
   7.9605381e+01   9.9857730e-01
   7.9708012e+01   9.9858468e-01
   7.9810644e+01   9.9859206e-01
   7.9913275e+01   9.9859945e-01
   8.0015906e+01   9.9860684e-01
   8.0118537e+01   9.9861422e-01
   8.0221169e+01   9.9862162e-01
   8.0323800e+01   9.9862901e-01
   8.0426431e+01   9.9863640e-01
   8.0529063e+01   9.9864380e-01
   8.0631694e+01   9.9865119e-01
   8.0734325e+01   9.9865858e-01
   8.0836957e+01   9.9866598e-01
   8.0939588e+01   9.9867337e-01
   8.1042219e+01   9.9868076e-01
   8.1144850e+01   9.9868815e-01
   8.1247482e+01   9.9877969e-01
   8.1350113e+01   9.9878707e-01
   8.1452744e+01   9.9879984e-01
   8.1555376e+01   9.9872285e-01
   8.1658007e+01   9.9873000e-01
   8.1760638e+01   9.9873714e-01
   8.1863270e+01   9.9874428e-01
   8.1965901e+01   9.9875142e-01
   8.2068532e+01   9.9875856e-01
   8.2171163e+01   9.9876570e-01
   8.2273795e+01   9.9877285e-01
   8.2376426e+01   9.9878000e-01
   8.2479057e+01   9.9878716e-01
   8.2581689e+01   9.9879432e-01
   8.2684320e+01   9.9880149e-01
   8.2786951e+01   9.9880868e-01
   8.2889582e+01   9.9881587e-01
   8.2992214e+01   9.9882307e-01
   8.3094845e+01   9.9883028e-01
   8.3197476e+01   9.9883751e-01
   8.3300108e+01   9.9884474e-01
   8.3402739e+01   9.9885198e-01
   8.3505370e+01   9.9885923e-01
   8.3608002e+01   9.9886650e-01
   8.3710633e+01   9.9887377e-01
   8.3813264e+01   9.9888105e-01
   8.3915895e+01   9.9888817e-01
   8.4018527e+01   9.9890104e-01
   8.4121158e+01   9.9890834e-01
   8.4223789e+01   9.9891565e-01
   8.4326421e+01   9.9892295e-01
   8.4429052e+01   9.9893026e-01
   8.4531683e+01   9.9893757e-01
   8.4634315e+01   9.9894489e-01
   8.4736946e+01   9.9895220e-01
   8.4839577e+01   9.9895952e-01
   8.4942208e+01   9.9896684e-01
   8.5044840e+01   9.9897415e-01
   8.5147471e+01   9.9898147e-01
   8.5250102e+01   9.9898879e-01
   8.5352734e+01   9.9899610e-01
   8.5455365e+01   9.9900341e-01
   8.5557996e+01   9.9901072e-01
   8.5660628e+01   9.9901803e-01
   8.5763259e+01   9.9902534e-01
   8.5865890e+01   9.9903264e-01
   8.5968521e+01   9.9903994e-01
   8.6071153e+01   9.9904723e-01
   8.6173784e+01   9.9905452e-01
   8.6276415e+01   9.9906181e-01
   8.6379047e+01   9.9906909e-01
   8.6481678e+01   9.9907637e-01
   8.6584309e+01   9.9908364e-01
   8.6686940e+01   9.9909138e-01
   8.6789572e+01   9.9909858e-01
   8.6892203e+01   9.9910577e-01
   8.6994834e+01   9.9911295e-01
   8.7097466e+01   9.9912013e-01
   8.7200097e+01   9.9912603e-01
   8.7302728e+01   9.9913317e-01
   8.7405360e+01   9.9914031e-01
   8.7507991e+01   9.9914743e-01
   8.7610622e+01   9.9915455e-01
   8.7713253e+01   9.9916167e-01
   8.7815885e+01   9.9916877e-01
   8.7918516e+01   9.9917206e-01
   8.8021147e+01   9.9917913e-01
   8.8123779e+01   9.9918740e-01
   8.8226410e+01   9.9919455e-01
   8.8329041e+01   9.9920169e-01
   8.8431673e+01   9.9920882e-01
   8.8534304e+01   9.9921594e-01
   8.8636935e+01   9.9922305e-01
   8.8739566e+01   9.9923647e-01
   8.8842198e+01   9.9924339e-01
   8.8944829e+01   9.9925029e-01
   8.9047460e+01   9.9925718e-01
   8.9150092e+01   9.9926405e-01
   8.9252723e+01   9.9927091e-01
   8.9355354e+01   9.9927776e-01
   8.9457986e+01   9.9928460e-01
   8.9560617e+01   9.9929143e-01
   8.9663248e+01   9.9929825e-01
   8.9765879e+01   9.9930506e-01
   8.9868511e+01   9.9931185e-01
   8.9971142e+01   9.9931864e-01
   9.0073773e+01   9.9932542e-01
   9.0176405e+01   9.9933219e-01
   9.0279036e+01   9.9934065e-01
   9.0381667e+01   9.9934744e-01
   9.0484299e+01   9.9935423e-01
   9.0586930e+01   9.9936100e-01
   9.0689561e+01   9.9936777e-01
   9.0792192e+01   9.9937453e-01
   9.0894824e+01   9.9938128e-01
   9.0997455e+01   9.9938802e-01
   9.1100086e+01   9.9939475e-01
   9.1202718e+01   9.9940148e-01
   9.1305349e+01   9.9940819e-01
   9.1407980e+01   9.9941489e-01
   9.1510611e+01   9.9942158e-01
   9.1613243e+01   9.9942826e-01
   9.1715874e+01   9.9943492e-01
   9.1818505e+01   9.9944157e-01
   9.1921137e+01   9.9944821e-01
   9.2023768e+01   9.9945484e-01
   9.2126399e+01   9.9946144e-01
   9.2229031e+01   9.9946744e-01
   9.2331662e+01   9.9947410e-01
   9.2434293e+01   9.9948073e-01
   9.2536924e+01   9.9948736e-01
   9.2639556e+01   9.9949396e-01
   9.2742187e+01   9.9950055e-01
   9.2844818e+01   9.9950711e-01
   9.2947450e+01   9.9951366e-01
   9.3050081e+01   9.9952019e-01
   9.3152712e+01   9.9952670e-01
   9.3255344e+01   9.9953318e-01
   9.3357975e+01   9.9953965e-01
   9.3460606e+01   9.9954609e-01
   9.3563237e+01   9.9955251e-01
   9.3665869e+01   9.9955891e-01
   9.3768500e+01   9.9961662e-01
   9.3871131e+01   9.9962455e-01
   9.3973763e+01   9.9963244e-01
   9.4076394e+01   9.9964030e-01
   9.4179025e+01   9.9959054e-01
   9.4281657e+01   9.9959679e-01
   9.4384288e+01   9.9960301e-01
   9.4486919e+01   9.9960922e-01
   9.4589550e+01   9.9961539e-01
   9.4692182e+01   9.9962154e-01
   9.4794813e+01   9.9962767e-01
   9.4897444e+01   9.9963377e-01
   9.5000076e+01   9.9963985e-01
   9.5102707e+01   9.9964590e-01
   9.5205338e+01   9.9965193e-01
   9.5307970e+01   9.9965793e-01
   9.5410601e+01   9.9966391e-01
   9.5513232e+01   9.9966986e-01
   9.5615863e+01   9.9967578e-01
   9.5718495e+01   9.9968168e-01
   9.5821126e+01   9.9968755e-01
   9.5923757e+01   9.9969339e-01
   9.6026389e+01   9.9969921e-01
   9.6129020e+01   9.9970500e-01
   9.6231651e+01   9.9971076e-01
   9.6334282e+01   9.9971649e-01
   9.6436914e+01   9.9972220e-01
   9.6539545e+01   9.9972787e-01
   9.6642176e+01   9.9973352e-01
   9.6744808e+01   9.9973913e-01
   9.6847439e+01   9.9974508e-01
   9.6950070e+01   9.9975071e-01
   9.7052702e+01   9.9975630e-01
   9.7155333e+01   9.9976187e-01
   9.7257964e+01   9.9976741e-01
   9.7360595e+01   9.9977292e-01
   9.7463227e+01   9.9977839e-01
   9.7565858e+01   9.9978383e-01
   9.7668489e+01   9.9978924e-01
   9.7771121e+01   9.9979462e-01
   9.7873752e+01   9.9979996e-01
   9.7976383e+01   9.9980527e-01
   9.8079015e+01   9.9981054e-01
   9.8181646e+01   9.9981578e-01
   9.8284277e+01   9.9982098e-01
   9.8386908e+01   9.9982615e-01
   9.8489540e+01   9.9983309e-01
   9.8592171e+01   9.9983812e-01
   9.8694802e+01   9.9984311e-01
   9.8797434e+01   9.9984805e-01
   9.8900065e+01   9.9985295e-01
   9.9002696e+01   9.9985781e-01
   9.9105328e+01   9.9986263e-01
   9.9207959e+01   9.9986740e-01
   9.9310590e+01   9.9987213e-01
   9.9413221e+01   9.9987681e-01
   9.9515853e+01   9.9988145e-01
   9.9618484e+01   9.9988604e-01
   9.9721115e+01   9.9989059e-01
   9.9823747e+01   9.9989509e-01
   9.9926378e+01   9.9989954e-01
   1.0002901e+02   9.9990395e-01
   1.0013164e+02   9.9990830e-01
   1.0023427e+02   9.9991261e-01
   1.0033690e+02   9.9991687e-01
   1.0043953e+02   9.9992143e-01
   1.0054217e+02   9.9992564e-01
   1.0064480e+02   9.9992980e-01
   1.0074743e+02   9.9993390e-01
   1.0085006e+02   9.9993794e-01
   1.0095269e+02   9.9994193e-01
   1.0105532e+02   9.9994587e-01
   1.0115795e+02   9.9994975e-01
   1.0126058e+02   9.9995356e-01
   1.0136322e+02   9.9995733e-01
   1.0146585e+02   9.9996103e-01
   1.0156848e+02   9.9996466e-01
   1.0167111e+02   9.9996824e-01
   1.0177374e+02   9.9997175e-01
   1.0187637e+02   9.9997520e-01
   1.0197900e+02   9.9997858e-01
   1.0208164e+02   9.9998190e-01
   1.0218427e+02   9.9998247e-01
   1.0228690e+02   9.9998569e-01
   1.0238953e+02   9.9998884e-01
   1.0249216e+02   9.9999192e-01
   1.0259479e+02   9.9999494e-01
   1.0269742e+02   9.9999790e-01
   1.0280005e+02   1.0000017e+00
