   0.0000000e+00   3.5889529e-01
   1.5866630e-02   3.5877333e-01
   3.1733259e-02   3.5840764e-01
   4.7599889e-02   3.5779877e-01
   6.3466518e-02   3.5694768e-01
   7.9333148e-02   3.5585565e-01
   9.5199777e-02   3.5452437e-01
   1.1106641e-01   3.5295588e-01
   1.2693304e-01   3.5115257e-01
   1.4279967e-01   3.4911722e-01
   1.5866630e-01   3.4685293e-01
   1.7453293e-01   3.4436317e-01
   1.9039955e-01   3.4165173e-01
   2.0626618e-01   3.3872276e-01
   2.2213281e-01   3.3558071e-01
   2.3799944e-01   3.3223037e-01
   2.5386607e-01   3.2867682e-01
   2.6973270e-01   3.2492545e-01
   2.8559933e-01   3.2098195e-01
   3.0146596e-01   3.1685227e-01
   3.1733259e-01   3.1254263e-01
   3.3319922e-01   3.0805953e-01
   3.4906585e-01   3.0340970e-01
   3.6493248e-01   2.9860009e-01
   3.8079911e-01   2.9363790e-01
   3.9666574e-01   2.8853051e-01
   4.1253237e-01   2.8328551e-01
   4.2839900e-01   2.7791067e-01
   4.4426563e-01   2.7241391e-01
   4.6013226e-01   2.6680332e-01
   4.7599889e-01   2.6108712e-01
   4.9186552e-01   2.5527364e-01
   5.0773215e-01   2.4937133e-01
   5.2359878e-01   2.4338873e-01
   5.3946541e-01   2.3733444e-01
   5.5533203e-01   2.3121714e-01
   5.7119866e-01   2.2504553e-01
   5.8706529e-01   2.1882836e-01
   6.0293192e-01   2.1257437e-01
   6.1879855e-01   2.0629231e-01
   6.3466518e-01   1.9999090e-01
   6.5053181e-01   1.9367883e-01
   6.6639844e-01   1.8736473e-01
   6.8226507e-01   1.8105716e-01
   6.9813170e-01   1.7476460e-01
   7.1399833e-01   1.6849543e-01
   7.2986496e-01   1.6225790e-01
   7.4573159e-01   1.5606015e-01
   7.6159822e-01   1.4991015e-01
   7.7746485e-01   1.4381574e-01
   7.9333148e-01   1.3778454e-01
   8.0919811e-01   1.3182402e-01
   8.2506474e-01   1.2594143e-01
   8.4093137e-01   1.2014379e-01
   8.5679800e-01   1.1443791e-01
   8.7266463e-01   1.0883034e-01
   8.8853126e-01   1.0332739e-01
   9.0439789e-01   9.7935075e-02
   9.2026451e-01   9.2659158e-02
   9.3613114e-01   8.7505097e-02
   9.5199777e-01   8.2478050e-02
   9.6786440e-01   7.7582864e-02
   9.8373103e-01   7.2824064e-02
   9.9959766e-01   6.8205846e-02
   1.0154643e+00   6.3732064e-02
   1.0313309e+00   5.9406227e-02
   1.0471976e+00   5.5231491e-02
   1.0630642e+00   5.1210647e-02
   1.0789308e+00   4.7346120e-02
   1.0947974e+00   4.3639961e-02
   1.1106641e+00   4.0093843e-02
   1.1265307e+00   3.6709053e-02
   1.1423973e+00   3.3486493e-02
   1.1582640e+00   3.0426669e-02
   1.1741306e+00   2.7529697e-02
   1.1899972e+00   2.4795292e-02
   1.2058638e+00   2.2222769e-02
   1.2217305e+00   1.9811041e-02
   1.2375971e+00   1.7558620e-02
   1.2534637e+00   1.5463609e-02
   1.2693304e+00   1.3523707e-02
   1.2851970e+00   1.1736207e-02
   1.3010636e+00   1.0097992e-02
   1.3169303e+00   8.6055365e-03
   1.3327969e+00   7.2549060e-03
   1.3486635e+00   6.0417529e-03
   1.3645301e+00   4.9613150e-03
   1.3803968e+00   4.0084121e-03
   1.3962634e+00   3.1774401e-03
   1.4121300e+00   2.4623640e-03
   1.4279967e+00   1.8567065e-03
   1.4438633e+00   1.3535330e-03
   1.4597299e+00   9.4542984e-04
   1.4755965e+00   6.2447209e-04
   1.4914632e+00   3.8217753e-04
   1.5073298e+00   2.0943587e-04
   1.5231964e+00   9.6396430e-05
   1.5390631e+00   3.2274578e-05
   1.5549297e+00   4.9685218e-06
   1.5707963e+00   6.0230444e-45
